6/9/2021,11:5:52,1,0.00,0.00,Locked,33.14,47.89,0.637446,1.006409,0.825360,0.799802,32901,0,0,0,7.00,7.00,1,0,92,Locked,260,45516,8355,13191,10818,10483,32901,0,0,0,65535,65535,
6/9/2021,11:5:53,1,0.00,0.00,Locked,33.14,47.89,0.637446,1.006409,0.826429,0.796750,32901,0,0,0,7.00,7.00,1,0,92,Locked,260,45516,8355,13191,10832,10443,32901,0,0,0,65535,65535,
6/9/2021,11:5:54,1,0.00,0.00,Locked,33.14,47.89,0.639658,1.006409,0.826429,0.796750,32901,0,0,0,7.00,7.00,1,0,92,Locked,260,45516,8384,13191,10832,10443,32901,0,0,0,65535,65535,
6/9/2021,11:5:55,1,0.00,0.00,Locked,33.28,47.89,0.639658,1.006867,0.830167,0.792935,32901,0,0,0,7.00,7.00,1,0,92,Locked,261,45516,8384,13197,10881,10393,32901,0,0,0,65535,65535,
6/9/2021,11:5:56,1,0.00,0.00,Locked,33.28,47.89,0.637064,1.004654,0.832151,0.792935,32901,0,0,0,7.00,7.00,1,0,92,Locked,261,45516,8350,13168,10907,10393,32901,0,0,0,65535,65535,
6/9/2021,11:5:57,1,0.00,0.00,Locked,33.28,47.89,0.634623,1.000763,0.832837,0.792477,32901,0,0,0,7.00,7.00,1,0,92,Locked,261,45516,8318,13117,10916,10387,32901,0,0,0,65535,65535,
6/9/2021,11:5:58,1,0.00,0.00,Locked,33.28,47.90,0.635309,1.000763,0.832837,0.792477,32901,0,0,0,7.00,7.00,1,0,92,Locked,261,45520,8327,13117,10916,10387,32901,0,0,0,65535,65535,
6/9/2021,11:5:59,1,0.00,0.00,Locked,33.28,47.92,0.635309,0.998550,0.827955,0.785840,32901,0,0,0,7.00,7.00,1,0,92,Locked,261,45528,8327,13088,10852,10300,32901,0,0,0,65535,65535,
6/9/2021,11:6:0,1,0.00,0.00,Locked,33.42,47.94,0.629129,0.994049,0.819181,0.777600,32901,0,0,0,7.00,7.00,1,0,92,Locked,262,45539,8246,13029,10737,10192,32901,0,0,0,65535,65535,
6/9/2021,11:6:1,1,0.00,0.00,Locked,33.42,47.94,0.636149,1.001450,0.811551,0.777600,32901,0,0,0,7.00,7.00,1,0,92,Locked,262,45539,8338,13126,10637,10192,32901,0,0,0,65535,65535,
6/9/2021,11:6:2,1,0.00,0.00,Locked,33.42,47.93,0.636149,1.001450,0.811551,0.772564,32901,0,0,0,7.00,7.00,1,0,92,Locked,262,45537,8338,13126,10637,10126,32901,0,0,0,65535,65535,
6/9/2021,11:6:3,1,0.00,0.00,Locked,33.42,47.92,0.636530,1.007401,0.812390,0.779736,32901,0,0,0,7.00,7.00,1,0,92,Locked,262,45529,8343,13204,10648,10220,32901,0,0,0,65535,65535,
6/9/2021,11:6:4,1,0.00,0.00,Locked,33.42,47.92,0.642939,1.013199,0.813153,0.786069,32901,0,0,0,7.00,7.00,1,0,92,Locked,262,45531,8427,13280,10658,10303,32901,0,0,0,65535,65535,
6/9/2021,11:6:5,1,0.00,0.00,Locked,33.28,47.92,0.642481,1.019837,0.817578,0.786069,32901,0,0,0,7.00,7.00,1,0,91,Locked,261,45531,8421,13367,10716,10303,32901,0,0,0,65535,65535,
6/9/2021,11:6:6,1,0.00,0.00,Locked,33.28,47.91,0.642481,1.019837,0.817578,0.792401,32901,0,0,0,7.00,7.00,1,0,91,Locked,261,45526,8421,13367,10716,10386,32901,0,0,0,65535,65535,
6/9/2021,11:6:7,1,0.00,0.00,Locked,33.28,47.90,0.649042,1.024338,0.828717,0.805066,32901,0,0,0,7.00,7.00,1,0,91,Locked,261,45522,8507,13426,10862,10552,32901,0,0,0,65535,65535,
6/9/2021,11:6:8,1,0.00,0.00,Locked,33.28,47.89,0.654765,1.031357,0.828717,0.808576,32901,0,0,0,7.00,7.00,1,0,91,Locked,261,45517,8582,13518,10862,10598,32901,0,0,0,65535,65535,
6/9/2021,11:6:9,1,2000.00,1987.11,Locked,33.28,47.89,0.659495,1.026856,0.830549,0.808576,32901,0,0,0,7.00,7.00,1,52428,26045,Locked,261,45517,8644,13459,10886,10598,32901,0,0,0,65535,65535,
6/9/2021,11:6:10,1,2000.00,1987.11,Locked,33.28,47.89,0.659495,1.026856,0.830549,0.803922,32901,0,0,0,7.00,7.00,1,52428,26045,Locked,261,45518,8644,13459,10886,10537,32901,0,0,0,65535,65535,
6/9/2021,11:6:11,1,2000.00,1977.65,Locked,33.14,47.90,0.660945,1.020066,0.850004,0.852293,32901,0,0,0,7.00,7.00,1,52428,25921,Locked,260,45522,8663,13370,11141,11171,32901,0,0,0,65535,65535,
6/9/2021,11:6:12,1,2000.00,1836.88,Locked,33.28,47.91,0.672694,1.014649,0.878691,0.932937,32901,0,0,0,7.00,7.00,1,52428,24076,Locked,261,45527,8817,13299,11517,12228,32901,0,0,0,65535,65535,
6/9/2021,11:6:13,1,2000.00,1821.01,Locked,33.28,47.91,0.672313,1.009689,0.878691,0.932937,32901,0,0,0,7.00,7.00,1,52428,23868,Locked,261,45527,8812,13234,11517,12228,32901,0,0,0,65535,65535,
6/9/2021,11:6:14,1,2000.00,1821.01,Locked,33.28,47.92,0.672313,1.009689,0.888762,0.952544,32901,0,0,0,7.00,7.00,1,52428,23868,Locked,261,45528,8812,13234,11649,12485,32901,0,0,0,65535,65535,
6/9/2021,11:6:15,1,2000.00,1815.90,Locked,33.28,47.93,0.670100,1.006561,0.888914,0.953231,32901,0,0,0,7.00,7.00,1,52428,23801,Locked,261,45533,8783,13193,11651,12494,32901,0,0,0,65535,65535,
6/9/2021,11:6:16,1,2000.00,1813.31,Locked,33.28,47.92,0.674372,1.012055,0.888762,0.960937,32901,0,0,0,7.00,7.00,1,52428,23767,Locked,261,45530,8839,13265,11649,12595,32901,0,0,0,65535,65535,
6/9/2021,11:6:17,1,2000.00,1811.78,Locked,33.14,47.92,0.674983,1.020676,0.888762,0.960937,32901,0,0,0,7.00,7.00,1,52428,23747,Locked,260,45530,8847,13378,11649,12595,32901,0,0,0,65535,65535,
6/9/2021,11:6:18,1,2000.00,1811.78,Locked,33.28,47.91,0.674983,1.020676,0.893645,0.966583,32901,0,0,0,7.00,7.00,1,52428,23747,Locked,261,45525,8847,13378,11713,12669,32901,0,0,0,65535,65535,
6/9/2021,11:6:19,1,0.00,0.00,Locked,33.28,47.92,0.673381,1.020752,0.883879,0.951019,32901,0,0,0,7.00,7.00,1,0,23733,Locked,261,45530,8826,13379,11585,12465,32901,0,0,0,65535,65535,
6/9/2021,11:6:20,1,0.00,0.00,Locked,33.28,47.90,0.664454,1.021286,0.853666,0.848096,32901,0,0,0,7.00,7.00,1,0,92,Locked,261,45520,8709,13386,11189,11116,32901,0,0,0,65535,65535,
6/9/2021,11:6:21,1,0.00,0.00,Locked,33.28,47.90,0.651331,1.017929,0.853666,0.848096,32901,0,0,0,7.00,7.00,1,0,92,Locked,261,45520,8537,13342,11189,11116,32901,0,0,0,65535,65535,
6/9/2021,11:6:22,1,0.00,0.00,Locked,33.28,47.90,0.651331,1.017929,0.840467,0.814527,32901,0,0,0,7.00,7.00,1,0,92,Locked,261,45519,8537,13342,11016,10676,32901,0,0,0,65535,65535,
6/9/2021,11:6:23,1,0.00,0.00,Locked,33.14,47.90,0.650111,1.016785,0.838483,0.808118,32901,0,0,0,7.00,7.00,1,0,92,Locked,260,45521,8521,13327,10990,10592,32901,0,0,0,65535,65535,
6/9/2021,11:6:24,1,0.00,0.00,Locked,33.28,47.90,0.648127,1.012131,0.837034,0.801404,32901,0,0,0,7.00,7.00,1,0,92,Locked,261,45521,8495,13266,10971,10504,32901,0,0,0,65535,65535,
6/9/2021,11:6:25,1,0.00,0.00,Locked,33.28,47.90,0.646754,1.012131,0.837034,0.801404,32901,0,0,0,7.00,7.00,1,0,92,Locked,261,45521,8477,13266,10971,10504,32901,0,0,0,65535,65535,
6/9/2021,11:6:26,1,0.00,0.00,Locked,33.28,47.89,0.646754,1.013199,0.839094,0.802930,32901,0,0,0,7.00,7.00,1,0,92,Locked,261,45518,8477,13280,10998,10524,32901,0,0,0,65535,65535,
6/9/2021,11:6:27,1,0.00,0.00,Locked,33.28,47.89,0.652781,1.015412,0.839857,0.802701,32901,0,0,0,7.00,7.00,1,0,92,Locked,261,45518,8556,13309,11008,10521,32901,0,0,0,65535,65535,
6/9/2021,11:6:28,1,0.00,0.00,Locked,33.28,47.89,0.650263,1.019913,0.839475,0.801480,32901,0,0,0,7.00,7.00,1,0,92,Locked,261,45515,8523,13368,11003,10505,32901,0,0,0,65535,65535,
6/9/2021,11:6:29,1,0.00,0.00,Locked,33.42,47.89,0.650263,1.019913,0.839475,0.801480,32901,0,0,0,7.00,7.00,1,0,92,Locked,262,45515,8523,13368,11003,10505,32901,0,0,0,65535,65535,
